;; This buffer is for notes you don't want to save, and for Lisp evaluation.
;; If you want to create a file, visit that file with C-x C-f,
;; then enter the text in that file's own buffer.

debughelper:start().   
debughelper:trace(gen_socket).
debughelper:trace(netlink).      
erlang:spawn(netlink, start, []).

netlink:create_table(). 
netlink:gen_const(netlink:define_consts()).
netlink:start().

CT = <<0,16,60,195,45,196,0,0,0,0,1,0,0,0,0,0,0,0,0,0,0,2,0,0,0,52,0,1,128,20,0,
      1,128,8,0,1,0,192,168,2,24,8,0,2,0,192,168,2,9,28,0,2,128,5,0,1,0,6,0,0,
      0,6,0,2,0,215,100,0,0,6,0,3,0,0,25,0,0,52,0,2,128,20,0,1,128,8,0,1,0,192,
      168,2,9,8,0,2,0,192,168,2,24,28,0,2,128,5,0,1,0,6,0,0,0,6,0,2,0,0,25,0,0,
      6,0,3,0,215,100,0,0,8,0,12,0,53,230,153,0,8,0,3,0,0,0,1,142,8,0,7,0,0,0,
      0,60,48,0,4,128,44,0,1,128,5,0,1,0,5,0,0,0,5,0,2,0,7,0,0,0,5,0,3,0,7,0,0,
      0,6,0,4,0,55,0,0,0,6,0,5,0,35,0,0,0>>.
RT1 = <<0,16,60,195,45,76,0,0,0,28,0,0,0,0,0,0,0,0,0,0,0,2,0,0,0,5,0,0,0,2,0,0,1,
      8,0,1,0,192,168,2,3,10,0,2,0,0,14,12,186,3,162,0,0,8,0,4,0,4,0,0,0,20,0,
      3,0,0,0,0,0,0,0,0,0,0,0,0,0,4,0,0,0>>.
RT2 = <<0,16,60,195,45,88,0,0,0,28,0,0,0,0,0,0,0,0,0,0,0,10,0,0,0,5,0,0,0,2,0,0,
      1,20,0,1,0,32,1,6,248,18,217,0,0,0,0,0,0,0,0,0,9,10,0,2,0,0,80,86,174,41,
      172,0,0,8,0,4,0,1,0,0,0,20,0,3,0,33,1,0,0,33,1,0,0,0,0,0,0,3,0,0,0>>.
RT3 = <<0,16,60,195,45,156,0,0,0,25,0,0,0,0,0,0,0,0,0,0,0,10,128,0,0,255,0,0,1,0,
      2,0,0,8,0,15,0,255,0,0,0,20,0,1,0,255,2,0,0,0,0,0,0,0,0,0,0,0,0,0,251,28,
      0,8,0,8,0,2,0,220,5,0,0,8,0,8,0,160,5,0,0,8,0,10,0,255,255,255,255,20,0,
      5,0,255,2,0,0,0,0,0,0,0,0,0,0,0,0,0,251,8,0,4,0,5,0,0,0,8,0,6,0,0,0,0,0,
      36,0,12,0,0,0,0,0,0,18,0,0,0,0,0,0,0,0,0,0,2,0,0,0,0,0,0,0,0,0,0,0,0,0,0,
      0>>.

%% newprefix
RT5 = <<0,16,220,55,189,60,0,0,0,52,0,0,0,0,0,0,0,0,0,0,0,10,0,0,0,5,0,0,0,3,64,
      3,0,20,0,1,0,32,1,6,248,18,217,0,0,0,0,0,0,0,0,0,0,12,0,2,0,128,58,9,0,0,
      141,39,0>>.

%% newlink
RT6 = <<0,16,156,196,247,8,2,0,0,16,0,0,0,0,0,0,0,0,0,0,0,10,0,1,0,6,0,0,0,3,16,
      1,0,0,0,0,0,10,0,3,0,118,108,97,110,52,0,0,0,10,0,1,0,0,25,185,71,250,19,
      0,0,8,0,4,0,220,5,0,0,8,0,5,0,5,0,0,0,192,1,12,0,8,0,1,0,0,0,0,128,20,0,
      5,0,255,255,0,0,108,53,74,4,192,16,0,0,100,0,0,0,120,0,2,0,0,0,0,0,64,0,
      0,0,220,5,0,0,1,0,0,0,1,0,0,0,1,0,0,0,1,0,0,0,3,0,0,0,144,1,0,0,100,0,0,
      0,0,0,0,0,128,58,9,0,128,81,1,0,5,0,0,0,88,2,0,0,16,0,0,0,0,0,0,0,1,0,0,
      0,1,0,0,0,0,0,0,0,0,0,0,0,0,0,0,0,0,0,0,0,0,0,0,0,0,0,0,0,0,0,0,0,0,0,0,
      0,1,0,0,0,0,0,0,0,252,0,3,0,31,0,0,0,0,0,0,0,80,1,0,0,0,0,0,0,0,0,0,0,0,
      0,0,0,0,0,0,0,0,0,0,0,0,0,0,0,0,0,0,0,0,0,0,0,0,0,0,0,0,0,0,0,0,0,0,0,0,
      0,0,0,0,0,0,0,0,0,0,0,0,0,0,0,80,1,0,0,0,0,0,0,0,0,0,0,0,0,0,0,87,1,0,0,
      0,0,0,0,0,0,0,0,0,0,0,0,0,0,0,0,0,0,0,0,0,0,0,0,0,0,0,0,0,0,0,0,0,0,0,0,
      0,0,0,0,0,0,0,0,0,0,0,0,0,0,0,0,0,0,0,0,0,0,0,0,0,0,0,0,0,0,0,0,0,0,0,0,
      0,0,0,0,80,1,0,0,0,0,0,0,90,1,0,0,0,0,0,0,0,0,0,0,0,0,0,0,0,0,0,0,0,0,0,
      0,111,145,0,0,0,0,0,0,79,147,0,0,0,0,0,0,111,145,0,0,0,0,0,0,71,148,0,0,
      0,0,0,0,0,0,0,0,0,0,0,0,0,0,0,0,0,0,0,0,44,0,6,0,5,0,0,0,0,0,0,0,0,0,0,0,
      0,0,0,0,0,0,0,0,0,0,0,0,7,0,0,0,0,0,0,0,0,0,0,0,0,0,0,0>>.

